name: nlp
channels:
  - conda-forge
  - defaults
dependencies:
  - blas=1.0=mkl
  - bottleneck=1.3.5=py38h080aedc_0
  - brotlipy=0.7.0=py38h2bbff1b_1003
  - ca-certificates=2023.01.10=haa95532_0
  - certifi=2022.12.7=py38haa95532_0
  - cffi=1.15.1=py38h2bbff1b_3
  - charset-normalizer=2.0.4=pyhd3eb1b0_0
  - colorama=0.4.6=py38haa95532_0
  - console_shortcut=0.1.1=4
  - cryptography=38.0.4=py38h21b164f_0
  - faiss=1.7.2=py38hdec04a4_3_cpu
  - filelock=3.9.0=py38haa95532_0
  - flit-core=3.6.0=pyhd3eb1b0_0
  - future=0.18.2=py38_1
  - huggingface_hub=0.10.1=py38haa95532_0
  - idna=3.4=py38haa95532_0
  - importlib-metadata=4.11.3=py38haa95532_0
  - importlib_resources=5.2.0=pyhd3eb1b0_1
  - intel-openmp=2021.4.0=haa95532_3556
  - libblas=3.9.0=1_h8933c1f_netlib
  - libfaiss=1.7.2=hba6d9cf_3_cpu
  - libfaiss-avx2=1.7.2=h1234567_3_cpu
  - liblapack=3.9.0=5_hd5c7e75_netlib
  - libuv=1.40.0=he774522_0
  - m2w64-gcc-libgfortran=5.3.0=6
  - m2w64-gcc-libs=5.3.0=7
  - m2w64-gcc-libs-core=5.3.0=7
  - m2w64-gmp=6.1.0=2
  - m2w64-libwinpthread-git=5.0.0.4634.697f757=2
  - mkl=2021.4.0=haa95532_640
  - mkl-service=2.4.0=py38h2bbff1b_0
  - mkl_fft=1.3.1=py38h277e83a_0
  - mkl_random=1.2.2=py38hf11a4ad_0
  - msys2-conda-epoch=20160418=1
  - ninja=1.10.2=haa95532_5
  - ninja-base=1.10.2=h6d14046_5
  - numexpr=2.8.4=py38h5b0cc5e_0
  - numpy=1.23.5=py38h3b20f71_0
  - numpy-base=1.23.5=py38h4da318b_0
  - openssl=1.1.1t=h2bbff1b_0
  - packaging=22.0=py38haa95532_0
  - pandas=1.5.2=py38hf11a4ad_0
  - pip=22.3.1=py38haa95532_0
  - pycparser=2.21=pyhd3eb1b0_0
  - pyopenssl=22.0.0=pyhd3eb1b0_0
  - pysocks=1.7.1=py38haa95532_0
  - python=3.8.12=h6244533_0
  - python-dateutil=2.8.2=pyhd3eb1b0_0
  - python_abi=3.8=2_cp38
  - pytorch=1.12.1=cpu_py38h5e1f01c_0
  - pyyaml=6.0=py38h2bbff1b_1
  - regex=2022.7.9=py38h2bbff1b_0
  - requests=2.28.1=py38haa95532_0
  - setuptools=65.6.3=py38haa95532_0
  - six=1.16.0=pyhd3eb1b0_1
  - sqlite=3.40.1=h2bbff1b_0
  - tokenizers=0.11.4=py38he5181cf_1
  - tqdm=4.64.1=py38haa95532_0
  - transformers=4.24.0=py38haa95532_0
  - typing-extensions=4.4.0=py38haa95532_0
  - typing_extensions=4.4.0=py38haa95532_0
  - ucrt=10.0.22621.0=h57928b3_0
  - urllib3=1.26.14=py38haa95532_0
  - vc=14.2=h21ff451_1
  - vs2015_runtime=14.34.31931=h4c5c07a_10
  - wheel=0.37.1=pyhd3eb1b0_0
  - win_inet_pton=1.1.0=py38haa95532_0
  - wincertstore=0.2=py38haa95532_2
  - yaml=0.2.5=he774522_0
  - zipp=3.11.0=py38haa95532_0
  - pip:
    - antlr4-python3-runtime==4.9.3
    - anyio==3.5.0
    - asgiref==3.5.0
    - atomicwrites==1.4.0
    - beautifulsoup4==4.12.0
    - cbor==1.0.0
    - cbor2==5.4.6
    - cython==0.29.14
    - docopt==0.6.2
    - en-core-web-sm==2.3.1
    - fastapi==0.74.1
    - flatten-json==0.1.13
    - gensim==3.8.3
    - h11==0.13.0
    - ijson==3.2.0.post0
    - iniconfig==1.1.1
    - ir-datasets==0.5.4
    - llvmlite==0.39.1
    - lxml==4.9.2
    - lz4==4.3.2
    - markdown-it-py==2.2.0
    - mdurl==0.1.2
    - newrelic==7.4.0.172
    - nlg-eval==2.3
    - nltk==3.6.5
    - numba==0.56.4
    - omegaconf==2.3.0
    - orjson==3.8.8
    - pillow==9.0.1
    - pluggy==1.0.0
    - psutil==5.8.0
    - py==1.11.0
    - pyautocorpus==0.1.9
    - pydantic==1.9.0
    - pygments==2.14.0
    - pyparsing==3.0.6
    - pytest==6.2.5
    - python-dotenv==1.0.0
    - pytz==2021.3
    - ranx==0.3.6
    - rich==13.3.2
    - scikit-learn==1.0.1
    - scipy==1.10.1
    - sentence-transformers==2.2.0
    - sentencepiece==0.1.96
    - smart-open==5.2.1
    - sniffio==1.2.0
    - soupsieve==2.4
    - starlette==0.17.1
    - tabulate==0.9.0
    - theano==1.0.5
    - threadpoolctl==3.0.0
    - toml==0.10.2
    - torch==1.11.0
    - torchvision==0.12.0
    - trec-car-tools==2.6
    - unlzw3==0.2.2
    - uvicorn==0.17.5
    - warc3-wet==0.2.3
    - warc3-wet-clueweb09==0.2.5
    - wget==3.2
    - xdg==5.1.1
    - yacs==0.1.8
    - zlib-state==0.1.5
prefix: C:\Users\bbiswas\Anaconda3\envs\nlp
